000101100000000000000000000000000000000100000000000000000000000011000110000010000000000000000000000000010100011100000000011100100000000001101111000000000111010100000000011100000000000000000000000000000000000000000000000000000000000000000000000000001111111111111111111111111111111100000001000101000110101100000101

0000000000000111000000000000000000000000001010110000000000000000000000000000000100000001000000000000000000000000

010001010000000001110110000000000110010100000000011011100000000001110100
00000000000000000000000000000000000000001100000011000000110000000000000000000001000000000000000000000000000001110000000000000000000000000000000000000000000000000000000000000011000000000000000000000000101100100000000000000000000000000000000100000001000000000000000000000000

0101001100000000011101000000000001110010000000000111010100000000011000110000000001110100
0000000000000000000000000000000000000000000000000000000000000000000000000000000000000000000000000000000000000000000000000000000000000000000000000000000000000000000000000000000000000000000000000000000000000000000000000000000000000000000000000000000000000000000000000000000000000000000000000000000000000000000000000000000000000000000000000000000000000000000000000000000000000000000000000000000000000000000000000000000000000000000000000000000000000000000000000000000000000000000000000000000000000000000000000000000000000000000000001110100000000011000000000000000000000000000000000000000000000000000000000000000000000000

00100100
11000000
00000000000000000000000000000000000000000000000000000000
00000000
000000000000000000000000000000000000000000000000
00100010
11000000
00000000000000000000000000000000000000000000000000000000
00000000
00000001
00000101

0000000000000000000000001001101010011001100110011001100110011001100110011100100100111111000000000000000000000000000000000000000000000000
00100100
11000000
00000000000000000000000000000000000000000000000000000000
00000000
000000000000000000000000000000000000000000000000
00100010
11000000
00000000
00000000000000000000000000000000000000000000000000000000
0000000100000001110000001100000011000000

0000000000000111000000000000000000000000001010110000000000000000000000000000000100000001000000000000000000000000

010001010000000001110110000000000110010100000000011011100000000001110100
00000000000000000000000000000000000000001100000011000000110000000000000000000001000000000000000000000000000001110000000000000000000000000000000000000000000000000000000000000011000000000000000000000000101100100000000000000000000000000000000100000001000000000000000000000000

0101001100000000011101000000000001110010000000000111010100000000011000110000000001110100
0000000000000000000000000000000000000000000000000000000000000000000000000000000000000000000000000000000000000000000000000000000000000000000000000000000000000000000000000000000000000000000000000000000000000000000000000000000000000000000000000000000000000000000000000000000000000000000000000000000000000000000000000000000000000000000000000000000000000000000000000000000000000000000000000000000000000000000000000000000000000000000000000000000000000000000000000000000000000000000000000000000000000000000000000000000000000000000000001110100000000011000000000000000000000000000000000000000000000000000000000000000000000000

00100010
11000000
00000000000000000000000000000000000000000000000000000000
00000000
000000000000000000000000000000000000000000000000
00100000
11000000
00000000000000000000000000000000000000000000000000000000
00000000
00000001
00000101

0000000000000000000000001001101010011001100110011001100110011001100110011100100100111111000000000000000000000000000000000000000000000000
00100010
11000000
00000000000000000000000000000000000000000000000000000000
00000000
000000000000000000000000000000000000000000000000
00100000
11000000
00000000
00000000000000000000000000000000000000000000000000000000
0000000100000001110000001100000011000000
0000000000000111000000000000000000000000001010110000000000000000000000000000000100000001000000000000000000000000

010001010000000001110110000000000110010100000000011011100000000001110100
00000000000000000000000000000000000000001100000011000000110000000000000000000001000000000000000000000000000001110000000000000000000000000000000000000000000000000000000000000011000000000000000000000000101100100000000000000000000000000000000100000001000000000000000000000000

0101001100000000011101000000000001110010000000000111010100000000011000110000000001110100
0000000000000000000000000000000000000000000000000000000000000000000000000000000000000000000000000000000000000000000000000000000000000000000000000000000000000000000000000000000000000000000000000000000000000000000000000000000000000000000000000000000000000000000000000000000000000000000000000000000000000000000000000000000000000000000000000000000000000000000000000000000000000000000000000000000000000000000000000000000000000000000000000000000000000000000000000000000000000000000000000000000000000000000000000000000000000000000000001110100000000011000000000000000000000000000000000000000000000000000000000000000000000000

00100000
11000000
00000000000000000000000000000000000000000000000000000000
00000000
000000000000000000000000000000000000000000000000
00011100
11000000
00000000000000000000000000000000000000000000000000000000
00000000
00000001
00000101

0000000000000000000000001001101010011001100110011001100110011001100110011100100100111111000000000000000000000000000000000000000000000000
00100000
11000000
00000000000000000000000000000000000000000000000000000000
00000000
000000000000000000000000000000000000000000000000
00011100
11000000
00000000
00000000000000000000000000000000000000000000000000000000
0000000100000001110000001100000011000000
0000000000000111000000000000000000000000001010110000000000000000000000000000000100000001000000000000000000000000

010001010000000001110110000000000110010100000000011011100000000001110100
00000000000000000000000000000000000000001100000011000000110000000000000000000001000000000000000000000000000001110000000000000000000000000000000000000000000000000000000000000011000000000000000000000000101100100000000000000000000000000000000100000001000000000000000000000000

0101001100000000011101000000000001110010000000000111010100000000011000110000000001110100
0000000000000000000000000000000000000000000000000000000000000000000000000000000000000000000000000000000000000000000000000000000000000000000000000000000000000000000000000000000000000000000000000000000000000000000000000000000000000000000000000000000000000000000000000000000000000000000000000000000000000000000000000000000000000000000000000000000000000000000000000000000000000000000000000000000000000000000000000000000000000000000000000000000000000000000000000000000000000000000000000000000000000000000000000000000000000000000000001110100000000011000000000000000000000000000000000000000000000000000000000000000000000000

00011100
11000000
00000000000000000000000000000000000000000000000000000000
00000000
000000000000000000000000000000000000000000000000
00011000
11000000
00000000000000000000000000000000000000000000000000000000
10000000
00000001
00000101

0000000000000000000000001001101010011001100110011001100110011001100110011100100100111111000000000000000000000000000000000000000000000000
00011100
11000000
00000000000000000000000000000000000000000000000000000000
10000000
000000000000000000000000000000000000000000000000
00011000
11000000
00000000
00000000000000000000000000000000000000000000000010000000
0000000100000001110000001100000011000000

0000000000000111000000000000000000000000001010110000000000000000000000000000000100000001000000000000000000000000

010001010000000001110110000000000110010100000000011011100000000001110100
00000000000000000000000000000000000000001100000011000000110000000000000000000001000000000000000000000000000001110000000000000000000000000000000000000000000000000000000000000011000000000000000000000000101100100000000000000000000000000000000100000001000000000000000000000000

0101001100000000011101000000000001110010000000000111010100000000011000110000000001110100
0000000000000000000000000000000000000000000000000000000000000000000000000000000000000000000000000000000000000000000000000000000000000000000000000000000000000000000000000000000000000000000000000000000000000000000000000000000000000000000000000000000000000000000000000000000000000000000000000000000000000000000000000000000000000000000000000000000000000000000000000000000000000000000000000000000000000000000000000000000000000000000000000000000000000000000000000000000000000000000000000000000000000000000000000000000000000000000000001110100000000011000000000000000000000000000000000000000000000000000000000000000000000000

00011000
11000000
00000000000000000000000000000000000000000000000000000000
10000000
000000000000000000000000000000000000000000000000
00010100
11000000
00000000000000000000000000000000000000000000000000000000
00000000
00000001
00000101

0000000000000000000000001001101010011001100110011001100110011001100110011100100100111111000000000000000000000000000000000000000000000000
00011000
11000000
00000000000000000000000000000000000000000000000000000000
00000000
000000000000000000000000000000000000000000000000
00010100
11000000
00000000
00000000000000000000000000000000000000000000000000000000
0000000100000001110000001100000011000000

0000000000000111000000000000000000000000001010110000000000000000000000000000000100000001000000000000000000000000

010001010000000001110110000000000110010100000000011011100000000001110100
00000000000000000000000000000000000000001100000011000000110000000000000000000001000000000000000000000000000001110000000000000000000000000000000000000000000000000000000000000011000000000000000000000000101100100000000000000000000000000000000100000001000000000000000000000000

0101001100000000011101000000000001110010000000000111010100000000011000110000000001110100
0000000000000000000000000000000000000000000000000000000000000000000000000000000000000000000000000000000000000000000000000000000000000000000000000000000000000000000000000000000000000000000000000000000000000000000000000000000000000000000000000000000000000000000000000000000000000000000000000000000000000000000000000000000000000000000000000000000000000000000000000000000000000000000000000000000000000000000000000000000000000000000000000000000000000000000000000000000000000000000000000000000000000000000000000000000000000000000000001110100000000011000000000000000000000000000000000000000000000000000000000000000000000000
00010100
11000000
00000000000000000000000000000000000000000000000000000000
00000000
000000000000000000000000000000000000000000000000
00010000
11000000
00000000000000000000000000000000000000000000000000000000
10000000
00000001
00000101

0000000000000000000000001001101010011001100110011001100110011001100110011100100100111111000000000000000000000000000000000000000000000000
00010100
11000000
00000000000000000000000000000000000000000000000000000000
10000000
000000000000000000000000000000000000000000000000
00010000
11000000
00000000
00000000000000000000000000000000000000000000000010000000
0000000100000001110000001100000011000000

0000000000000111000000000000000000000000001010110000000000000000000000000000000100000001000000000000000000000000

010001010000000001110110000000000110010100000000011011100000000001110100
00000000000000000000000000000000000000001100000011000000110000000000000000000001000000000000000000000000000001110000000000000000000000000000000000000000000000000000000000000011000000000000000000000000101100100000000000000000000000000000000100000001000000000000000000000000

0101001100000000011101000000000001110010000000000111010100000000011000110000000001110100
0000000000000000000000000000000000000000000000000000000000000000000000000000000000000000000000000000000000000000000000000000000000000000000000000000000000000000000000000000000000000000000000000000000000000000000000000000000000000000000000000000000000000000000000000000000000000000000000000000000000000000000000000000000000000000000000000000000000000000000000000000000000000000000000000000000000000000000000000000000000000000000000000000000000000000000000000000000000000000000000000000000000000000000000000000000000000000000000001110100000000011000000000000000000000000000000000000000000000000000000000000000000000000

00010000
11000000
00000000000000000000000000000000000000000000000000000000
00000000
000000000000000000000000000000000000000000000000
00001000
11000000
00000000000000000000000000000000000000000000000000000000
00000000
00000001
00000101

0000000000000000000000001001101010011001100110011001100110011001100110011100100100111111000000000000000000000000000000000000000000000000
00010000
11000000
00000000000000000000000000000000000000000000000000000000
00000000
000000000000000000000000000000000000000000000000
00001000
11000000
00000000
00000000000000000000000000000000000000000000000000000000
0000000100000001110000001100000011000000

0000000000000111000000000000000000000000001010110000000000000000000000000000000100000001000000000000000000000000

010001010000000001110110000000000110010100000000011011100000000001110100
00000000000000000000000000000000000000001100000011000000110000000000000000000001000000000000000000000000000001110000000000000000000000000000000000000000000000000000000000000011000000000000000000000000101100100000000000000000000000000000000100000001000000000000000000000000

0101001100000000011101000000000001110010000000000111010100000000011000110000000001110100
0000000000000000000000000000000000000000000000000000000000000000000000000000000000000000000000000000000000000000000000000000000000000000000000000000000000000000000000000000000000000000000000000000000000000000000000000000000000000000000000000000000000000000000000000000000000000000000000000000000000000000000000000000000000000000000000000000000000000000000000000000000000000000000000000000000000000000000000000000000000000000000000000000000000000000000000000000000000000000000000000000000000000000000000000000000000000000000000001110100000000011000000000000000000000000000000000000000000000000000000000000000000000000

00001000
11000000
00000000000000000000000000000000000000000000000000000000
00000000
000000000000000000000000000000000000000000000000
00000000
11000000
00000000000000000000000000000000000000000000000000000000
00000000
00000001
00000101

0000000000000000000000001001101010011001100110011001100110011001100110011100100100111111000000000000000000000000000000000000000000000000
00001000
11000000
00000000000000000000000000000000000000000000000000000000
00000000
000000000000000000000000000000000000000000000000
00000000
11000000
00000000
00000000000000000000000000000000000000000000000000000000
0000000100000001110000001100000011000000
0000000000000111000000000000000000000000001010110000000000000000000000000000000100000001000000000000000000000000

010001010000000001110110000000000110010100000000011011100000000001110100
00000000000000000000000000000000000000001100000011000000110000000000000000000001000000000000000000000000000001110000000000000000000000000000000000000000000000000000000000000011000000000000000000000000101100100000000000000000000000000000000100000001000000000000000000000000

0101001100000000011101000000000001110010000000000111010100000000011000110000000001110100
0000000000000000000000000000000000000000000000000000000000000000000000000000000000000000000000000000000000000000000000000000000000000000000000000000000000000000000000000000000000000000000000000000000000000000000000000000000000000000000000000000000000000000000000000000000000000000000000000000000000000000000000000000000000000000000000000000000000000000000000000000000000000000000000000000000000000000000000000000000000000000000000000000000000000000000000000000000000000000000000000000000000000000000000000000000000000000000000001110100000000011000000000000000000000000000000000000000000000000000000000000000000000000

00000000
11000000
00000000000000000000000000000000000000000000000000000000
00000000
000000000000000000000000000000000000000000000000
11110000
10111111
00000000000000000000000000000000000000000000000000000000
00000000
00000001
00000101

0000000000000000000000001001101010011001100110011001100110011001100110011100100100111111000000000000000000000000000000000000000000000000
00000000
11000000
00000000000000000000000000000000000000000000000000000000
00000000
000000000000000000000000000000000000000000000000
11110000
10111111
00000000
00000000000000000000000000000000000000000000000000000000
0000000100000001110000001100000011000000

0000000000000111000000000000000000000000001010110000000000000000000000000000000100000001000000000000000000000000

010001010000000001110110000000000110010100000000011011100000000001110100
00000000000000000000000000000000000000001100000011000000110000000000000000000001000000000000000000000000000001110000000000000000000000000000000000000000000000000000000000000011000000000000000000000000101100100000000000000000000000000000000100000001000000000000000000000000

0101001100000000011101000000000001110010000000000111010100000000011000110000000001110100
0000000000000000000000000000000000000000000000000000000000000000000000000000000000000000000000000000000000000000000000000000000000000000000000000000000000000000000000000000000000000000000000000000000000000000000000000000000000000000000000000000000000000000000000000000000000000000000000000000000000000000000000000000000000000000000000000000000000000000000000000000000000000000000000000000000000000000000000000000000000000000000000000000000000000000000000000000000000000000000000000000000000000000000000000000000000000000000000001110100000000011000000000000000000000000000000000000000000000000000000000000000000000000

11110000
10111111
00000000000000000000000000000000000000000000000000000000
00000000
000000000000000000000000000000000000000000000000
00000000
00000000
00000000000000000000000000000000000000000000000000000000
00000000
00000001
00000101

0000000000000000000000001001101010011001100110011001100110011001100110011100100100111111000000000000000000000000000000000000000000000000
11110000
10111111
00000000000000000000000000000000000000000000000000000000
00000000
000000000000000000000000000000000000000000000000
00000000
00000000
00000000
00000000000000000000000000000000000000000000000000000000
0000000100000001110000001100000011000000

00000000000000000000000000000000000000000000000000000000000000000000000001
